0
0
0
0
0.001
0
0
0
0
0
0
0
0
0
0
0
0
0
0
0
0.002
0
0
0
0.001
0
0
0.001
0
0
0
0.001
0
0.001
0
0
0.001
0
0.001
0
0.001
0
0.001
0
0
0.001
0
0.001
0
0
0.001
0.001
0
0
0.001
0
0.001
0
0.001
0.001
0.001
0
0
0.002
0
0.001
0
0.001
0.001
0.001
0
0.001
0.001
0.001
0
0.001
0.001
0.001
0.001
0.001
0.001
0.001
0.001
0.001
0.001
0.001
0.001
0.001
0
0
0.001
0.001
0.001
0.001
0.001
0.001
0.001
0.001
0.001
0.002
0.001
0
0.001
0.001
0.001
0.001
0.001
0.001
0.001
0.001
0.002
0.002
0
0.001
0.002
0.001
0.001
0.001
0.001
0.001
0.001
0.001
0.001
0.001
0.001
0.001
0.002
0.001
0.002
0.002
0.002
0.002
0.001
0.001
0.001
0.001
0.001
0.011
0.007
0.002
0.001
0.001
0.002
0
0.003
0.001
0.002
0.002
0.001
0.001
0.003
0.001
0.002
0.002
0.001
0.002
0.001
0.001
0.002
0.002
0.002
0.003
0.004
0.002
0.004
0.003
0.003
0.003
0.002
0.003
0.003
0.005
0.006
0.007
0.004
0.003
0.002
0.002
0.004
0.003
0.002
0.004
0.004
0.003
0.003
0.003
0.003
0.002
0.003
0.003
0.005
0.004
0.003
0.002
0.003
0.003
0.003
0.002
0.004
0.003
0.003
0.003
0.003
0.003
0.004
0.003
0.003
0.002
0.002
0.003
0.003
0.002
0.003
0.002
0.003
0.002
0.003
0.003
0.002
0.003
0.002
0.003
0.002
0.003
0.002
0.003
0.003
0.003
0.003
0.002
0.003
0.004
0.002
0.003
0.003
0.003
0.003
0.003
0.002
0.004
0.003
0.003
0.004
0.004
0.002
0.003
0.003
0.003
0.003
0.003
0.003
0.003
0.003
0.003
0.003
0.003
0.003
0.003
0.003
0.003
0.003
0.003
0.003
0.005
0.004
0.003
0.003
0.005
0.003
0.003
0.004
0.003
0.004
0.003
0.004
0.003
0.004
0.003
0.004
0.003
0.005
0.003
0.003
0.004
0.004
0.004
0.003
0.004
0.004
0.004
0.004
0.004
0.004
0.004
0.004
0.003
0.004
0.005
0.005
0.003
0.006
0.004
0.004
0.011
0.005
0.004
0.005
0.004
0.004
0.004
0.004
0.005
0.006
0.004
0.005
0.006
0.004
0.005
0.006
0.004
0.006
0.004
0.005
0.005
0.006
0.006
0.005
0.006
0.005
0.005
0.007
0.007
0.007
0.007
0.007
0.005
0.007
0.005
0.006
0.007
0.007
0.006
0.006
0.006
0.006
0.006
0.006
0.006
0.006
0.006
0.006
0.006
0.005
0.007
0.006
0.006
0.006
0.006
0.007
0.007
0.008
0.007
0.006
0.007
0.007
0.006
0.007
0.006
0.006
0.007
0.006
0.006
0.006
0.006
0.006
0.006
0.006
0.006
0.006
0.006
0.006
0.006
0.006
0.006
0.006
0.006
0.006
0.007
0.006
0.006
0.007
0.006
0.007
0.006
0.006
0.006
0.007
0.006
0.007
0.007
0.006
0.008
0.006
0.007
0.007
0.007
0.006
0.007
0.007
0.006
0.007
0.007
0.006
0.007
0.007
0.006
0.007
0.007
0.006
0.007
0.007
0.007
0.007
0.007
0.007
0.007
0.008
0.007
0.007
0.008
0.009
0.007
0.007
0.008
0.008
0.009
0.012
0.012
0.009
0.008
0.008
0.008
0.008
0.008
0.009
0.008
0.009
0.011
0.009
0.008
0.01
0.008
0.009
0.009
0.008
0.008
0.009
0.008
0.009
0.01
0.008
0.008
0.009
0.008
0.009
0.009
0.008
0.008
0.008
0.009
0.008
0.008
0.009
0.008
0.008
0.009
0.008
0.009
0.008
0.008
0.009
0.009
0.009
0.01
0.01
0.008
0.01
0.008
0.014
0.014
0.084
0.328
0.072
0.096
0.054
0.062
0.087
0.193
0.057
0.059
0.042
0.038
0.049
0.052
0.157
0.088
0.053
0.091
0.057
0.037
0.05
0.043
0.038
0.053
0.052
0.038
0.036
0.055
0.036
0.048
0.04
0.039
0.036
0.042
0.036
0.043
0.035
0.037
0.034
0.049
0.037
0.042
0.031
0.037
0.04
0.046
0.035
0.04
0.038
0.039
0.038
0.037
0.051
0.037
0.051
0.038
0.053
0.045
0.045
0.05
0.038
0.045
0.042
0.066
0.057
0.074
0.039
0.041
0.041
0.044
0.031
0.025
0.028
0.022
0.021
0.025
0.037
0.058
0.034
0.027
0.023
0.026
0.035
0.023
0.029
0.047
0.034
0.021
0.043
0.031
0.028
0.027
0.08
0.093
0.067
0.098
0.057
0.03
0.034
0.032
0.028
0.054
0.046
0.029
0.028
0.03
0.029
0.027
0.025
0.063
0.034
0.021
0.019
0.019
0.019
0.018
0.018
0.019
0.02
0.024
0.027
0.017
0.018
0.018
0.018
0.018
0.017
0.018
0.016
0.016
0.02
0.027
0.019
0.01
0.011
0.02
0.048
0.038
0.06
0.061
0.053
0.032
0.019
0.011
0.012
0.027
0.038
0.032
0.029
0.033
0.033
0.025
0.037
0.04
0.025
0.02
0.008
0.01
0.009
0.008
0.025
0.052
0.027
0.031
0.033
0.031
0.036
0.025
0.029
0.014
0.009
0.009
0.01
0.026
0.024
0.032
0.03
0.026
0.035
0.037
0.036
0.041
0.014
0.012
0.014
0.029
0.034
0.038
0.071
0.031
0.034
0.028
0.034
0.02
0.01
0.009
0.016
0.033
0.031
0.028
0.041
0.047
0.034
0.033
0.034
0.02
0.01
0.01
0.008
0.008
0.012
0.028
0.031
0.019
0.034
0.037
0.035
0.027
0.035
0.037
0.045
0.046
0.041
0.039
0.048
0.049
0.039
0.049
0.048
0.035
0.045
0.035
0.021
0.031
0.042
0.04
0.023
0.027
0.025
0.02
0.018
0.02
0.022
0.023
0.022
0.019
0.031
0.025
0.025
0.031
0.025
0.018
0.017
0.022
0.019
0.022
0.016
0.025
0.014
0.021
0.022
0.03
0.018
0.033
0.033
0.021
0.136
0.052
0.112
0.076
0.041
0.039
0.052
0.042
0.045
0.048
0.062
0.049
0.054
0.043
0.032
0.044
0.031
0.068
0.037
0.046
0.029
0.033
0.037
0.027
0.022
0.042
0.232
0.043
0.054
0.063
0.063
0.093
0.036
0.038
0.03
0.029
0.03
0.036
0.029
0.029
0.021
0.03
0.02
0.018
0.019
0.018
0.018
0.021
0.24
0.082
0.182
0.057
0.146
0.061
0.057
0.054
0.067
0.056
0.039
0.032
0.033
0.038
0.114
0.173
0.097
0.079
0.062
0.053
0.04
0.038
0.039
0.032
0.032
0.062
0.15
0.063
0.074
0.059
0.054
0.04
0.05
0.04
0.036
0.039
0.043
0.042
0.042
0.034
0.034
0.031
0.038
0.034
0.029
0.027
0.035
0.037
0.026
0.027
0.033
0.026
0.027
0.026
0.026
0.024
0.024
0.023
0.024
0.025
0.025
0.023
0.022
0.022
0.03
0.032
0.028
0.03
0.029
0.031
0.022
0.022
0.028
0.023
0.023
0.023
0.027
0.022
0.029
0.023
0.023
0.027
0.029
0.028
0.029
0.029
0.029
0.022
0.025
0.027
0.025
0.023
0.027
0.022
0.024
0.029
0.022
0.021
0.029
0.028
0.024
0.029
0.027
0.022
0.021
0.024
0.021
0.033
0.022
0.023
0.02
0.02
0.022
0.021
0.022
0.023
0.02
0.022
0.028
0.031
0.03
0.029
0.025
0.03
0.025
0.023
0.022
0.022
0.023
0.027
0.026
0.022
0.02
0.02
0.021
0.019
0.021
0.022
0.02
0.021
0.025
0.022
0.021
0.021
0.023
0.02
0.019
0.02
0.024
0.019
0.021
0.02
0.019
0.02
0.02
0.019
0.019
0.021
0.019
0.02
0.021
0.019
0.019
0.019
0.018
0.02
0.019
0.019
0.019
0.019
0.02
0.019
0.023
0.023
0.019
0.02
0.02
0.019
0.028
0.066
0.037
0.029
0.034
0.027
0.024
0.027
0.029
0.033
0.027
0.027
0.035
0.028
0.023
0.022
0.031
0.022
