0.001
0
0.001
0.001
0.001
0.001
0.001
0.001
0.002
0.002
0.003
0.003
0.003
0.004
0.004
0.005
0.004
0.005
0.006
0.006
0.003
0.005
0.005
0.005
0.006
0.006
0.004
0.004
0.004
0.005
0.003
0.003
0.004
0.004
0.004
0.004
0.005
0.004
0.004
0.004
0.004
0.004
0.004
0.005
0.005
0.004
0.006
0.005
0.005
0.005
0.005
0.006
0.005
0.007
0.006
0.008
0.007
0.007
0.006
0.006
0.007
0.006
0.006
0.008
0.008
0.008
0.008
0.007
0.007
0.007
0.008
0.007
0.008
0.007
0.007
0.007
0.008
0.007
0.009
0.008
0.011
0.03
0.02
0.014
0.01
0.011
0.01
0.01
0.011
0.011
0.011
0.011
0.01
0.011
0.012
0.01
0.011
0.01
0.011
0.016
0.015
0.012
0.014
0.015
0.011
0.011
0.012
0.011
0.011
0.011
0.011
0.011
0.011
0.011
0.012
0.011
0.013
0.012
0.013
0.013
0.013
0.014
0.013
0.013
0.013
0.013
0.014
0.016
0.013
0.013
0.014
0.013
0.014
0.016
0.014
0.014
0.014
0.014
0.014
0.014
0.016
0.015
0.015
0.017
0.014
0.016
0.015
0.015
0.016
0.016
0.016
0.019
0.016
0.015
0.016
0.017
0.019
0.023
0.02
0.02
0.018
0.019
0.016
0.016
0.017
0.017
0.017
0.018
0.019
0.018
0.018
0.02
0.019
0.019
0.019
0.019
0.02
0.018
0.018
0.025
0.018
0.018
0.019
0.018
0.019
0.021
0.021
0.02
0.021
0.021
0.03
0.043
0.032
0.027
0.02
0.022
0.024
0.025
0.023
0.022
0.022
0.023
0.023
0.024
0.023
0.023
0.023
0.034
0.031
0.033
0.023
0.028
0.027
0.028
0.023
0.024
0.028
0.029
0.023
0.04
0.04
0.027
0.037
0.038
0.041
0.027
0.027
0.024
0.035
0.028
0.031
0.045
0.052
0.04
0.035
0.043
0.032
0.029
0.032
0.04
0.033
0.079
0.062
0.029
0.045
0.051
0.034
0.042
0.051
0.045
0.051
0.041
0.045
0.055
0.046
0.067
0.041
0.052
0.055
0.056
0.071
0.064
0.068
0.067
0.068
0.069
0.089
0.096
0.118
0.112
0.103
0.127
0.166
0.159
0.153
0.172
0.242
0.187
0.211
0.25
0.256
0.206
0.252
0.235
0.26
0.286
0.202
0.223
0.182
0.204
0.171
0.188
0.22
0.213
0.271
0.292
0.26
0.434
0.367
0.354
0.287
0.196
0.243
0.204
0.222
0.164
0.162
0.231
0.226
0.189
0.163
0.166
0.134
0.127
0.155
0.142
0.162
0.135
0.105
0.191
0.208
0.159
0.094
0.134
0.17
0.119
0.139
0.143
0.142
0.135
0.195
0.117
0.124
0.125
0.164
0.141
0.121
0.143
0.158
0.129
0.188
0.228
0.143
0.129
0.128
0.111
0.148
0.214
0.156
0.101
0.114
0.129
0.198
0.19
0.15
0.136
0.136
0.133
0.167
0.174
0.124
0.194
0.13
0.141
0.136
0.156
0.17
0.129
0.132
0.132
0.193
0.188
0.144
0.133
0.142
0.137
0.193
0.154
0.192
0.171
0.154
0.185
0.208
0.155
0.146
0.142
0.118
0.178
0.148
0.139
0.119
0.22
0.162
0.191
0.129
0.117
0.119
0.179
0.154
0.193
0.189
0.241
0.155
0.137
0.18
0.191
0.183
0.17
0.235
0.232
0.204
0.154
0.157
0.152
0.154
0.234
0.166
0.173
0.181
0.221
0.167
0.158
0.139
0.14
0.164
0.165
0.17
0.169
0.213
0.167
0.156
0.164
0.219
0.153
0.156
0.265
0.177
0.126
0.201
0.204
0.214
0.171
0.218
0.263
0.165
0.191
0.159
0.187
0.152
0.189
0.209
0.206
0.265
0.182
0.161
0.171
0.207
0.181
0.172
0.184
0.191
0.152
0.231
0.181
0.142
0.253
0.181
0.197
0.237
0.192
0.162
0.2
0.241
0.196
0.303
0.189
0.19
0.213
0.19
0.194
0.218
0.219
0.326
0.256
0.209
0.24
0.252
0.225
0.215
0.19
0.256
0.236
0.213
0.153
0.235
0.203
0.297
0.201
0.178
0.199
0.186
0.24
0.19
0.196
0.302
0.184
0.192
0.199
0.232
0.199
0.215
0.372
0.205
0.207
0.209
0.213
0.215
0.206
0.267
0.205
0.254
0.2
0.192
0.233
0.191
0.205
0.242
0.184
0.252
0.221
0.237
0.251
0.207
0.215
0.194
0.213
0.181
0.318
0.249
0.235
0.219
0.256
0.189
0.229
0.215
0.239
0.238
0.22
0.211
0.192
0.277
0.24
0.204
0.277
0.237
0.212
0.229
0.375
0.343
0.218
0.328
0.232
0.201
0.251
0.255
0.279
0.254
0.215
0.275
0.217
0.231
0.317
0.227
0.25
0.22
0.245
0.298
0.266
0.31
0.318
0.33
0.362
0.352
0.408
0.393
0.527
0.553
0.402
0.457
0.323
0.345
0.305
0.217
0.218
0.293
0.263
0.348
0.322
0.291
0.251
0.277
0.358
0.234
0.263
0.234
0.228
0.252
0.241
0.279
0.235
0.232
0.256
0.255
0.219
0.303
0.265
0.264
0.239
0.279
0.318
0.224
0.237
0.292
0.212
0.254
0.277
0.263
0.223
0.21
0.224
0.338
0.241
0.352
0.232
0.236
0.238
0.31
0.266
0.364
0.33
0.275
0.31
0.276
0.303
0.295
0.354
0.306
0.285
0.307
0.311
0.239
0.235
0.286
0.358
0.287
0.282
0.261
0.292
0.354
0.345
0.224
0.274
0.306
0.26
0.375
0.264
0.234
0.246
0.368
0.268
0.347
0.3
0.232
0.22
0.309
0.305
0.283
0.267
0.288
0.278
0.266
0.355
0.255
0.245
0.252
0.356
0.275
0.305
0.224
0.32
0.283
0.322
0.285
0.255
0.25
0.217
0.274
0.317
0.373
0.253
0.255
0.329
0.253
0.271
0.334
0.256
0.264
0.289
0.316
0.263
0.304
0.27
0.352
0.313
0.311
0.265
0.347
0.486
0.502
0.401
0.383
0.328
0.346
0.326
0.297
0.287
0.358
0.345
0.278
0.357
0.279
0.339
0.362
0.353
0.258
0.403
0.328
0.299
0.328
0.271
0.309
0.255
0.307
0.287
0.294
0.322
0.346
0.332
0.306
0.271
0.387
0.374
0.381
0.344
0.393
0.403
0.389
0.289
0.341
0.304
0.346
0.332
0.255
0.397
0.282
0.366
0.314
0.3
0.3
0.301
0.39
0.337
0.286
0.391
0.421
0.324
0.324
0.312
0.303
0.356
0.352
0.294
0.403
0.322
0.278
0.304
0.314
0.343
0.372
0.287
0.326
0.333
0.332
0.398
0.297
0.309
0.343
0.343
0.303
0.395
0.32
0.325
0.349
0.335
0.329
0.316
0.341
0.369
0.292
0.283
0.427
0.333
0.363
0.306
0.315
0.412
0.394
0.308
0.353
0.38
0.445
0.289
0.421
0.34
0.406
0.355
0.292
0.33
0.39
0.399
0.345
0.355
0.305
0.453
0.331
0.477
0.419
0.443
0.356
0.318
0.373
0.383
0.407
0.424
0.469
0.565
0.521
0.492
0.674
0.621
0.651
0.699
0.62
0.629
0.625
0.669
0.639
0.632
0.531
0.446
0.352
0.454
0.527
0.387
0.375
0.342
0.413
0.399
0.416
0.338
0.342
0.359
0.31
0.342
0.385
0.337
0.392
0.288
0.326
0.378
0.444
0.531
0.481
0.429
0.433
0.395
0.398
0.402
0.359
0.296
0.367
0.448
0.647
0.477
0.628
0.551
0.483
0.551
0.484
0.495
0.533
0.487
0.494
0.568
0.475
0.507
0.611
0.491
0.533
0.521
0.608
0.603
0.678
0.613
0.623
0.615
0.579
0.565
0.619
0.487
0.589
0.596
0.332
0.492
0.474
0.405
0.369
0.466
0.476
0.349
0.425
0.361
0.417
0.346
0.292
0.466
0.462
0.347
0.308
0.41
0.409
0.498
0.378
0.433
0.361
0.348
0.425
0.426
0.381
0.37
0.455
0.512
0.375
0.452
0.375
0.39
0.448
0.381
0.391
0.487
0.312
0.389
0.42
0.436
0.335
0.408
0.338
0.471
0.35
0.448
0.419
0.411
0.448
0.487
0.416
0.468
0.455
0.526
0.386
0.505
0.454
0.421
0.405
0.448
0.474
0.471
0.378
0.43
0.464
0.368
0.442
0.5
0.451
0.358
0.457
0.429
0.461
0.351
0.44
0.431
